cycle,Population_size,Deleterious_muts,Beneficial_muts,Mean_fitness
1,1000,0,0,1.0
101,658,1352,35,0.574283
201,713,1362,34,0.56888
301,679,1408,37,0.554506
401,712,1464,42,0.537402
501,677,1421,35,0.597275
601,695,1504,44,0.535632
701,634,1401,45,0.537481
801,688,1491,46,0.538983
901,672,1501,51,0.558945
1001,669,1450,48,0.589354
1101,646,1402,45,0.543722
1201,698,1481,42,0.577551
1301,675,1480,53,0.595399
1401,652,1399,43,0.5626
1501,714,1468,52,0.556554
1601,721,1567,71,0.530827
1701,662,1473,61,0.55881
1801,680,1427,54,0.580096
1901,687,1420,64,0.566153
2001,709,1463,66,0.57181
2101,669,1501,65,0.554067
2201,713,1556,63,0.524486
2301,667,1525,62,0.561966
2401,691,1481,58,0.55809
2501,692,1507,54,0.559922
2601,693,1521,58,0.555987
2701,695,1558,58,0.562979
2801,678,1521,68,0.558764
2901,679,1531,73,0.555071
3001,679,1501,57,0.563057
3101,682,1475,69,0.560543
3201,718,1556,66,0.540722
3301,717,1501,66,0.594044
3401,638,1416,72,0.543091
3501,668,1489,71,0.53792
3601,666,1519,73,0.573369
3701,677,1481,71,0.54087
3801,687,1561,67,0.551079
3901,687,1556,64,0.536433
4001,678,1497,61,0.573192
4101,688,1546,58,0.575174
4201,685,1477,68,0.539544
4301,679,1503,62,0.548932
4401,686,1494,60,0.535972
4501,688,1497,68,0.594801
4601,683,1501,75,0.548736
4701,676,1581,76,0.561131
4801,681,1518,71,0.551163
4901,688,1555,72,0.558715
5001,685,1470,72,0.573332
5101,715,1560,74,0.542359
5201,715,1471,60,0.563291
5301,680,1569,64,0.547422
5401,681,1486,68,0.556532
5501,675,1560,76,0.557751
5601,663,1544,72,0.567168
5701,702,1605,68,0.56084
5801,684,1611,74,0.513777
5901,670,1552,74,0.564304
6001,701,1551,73,0.571566
6101,658,1565,82,0.557875
6201,660,1564,88,0.55755
6301,678,1538,91,0.546151
6401,657,1540,86,0.565485
6501,706,1529,88,0.514412
6601,687,1479,79,0.565348
6701,648,1460,85,0.570462
6801,693,1557,85,0.545812
6901,672,1547,71,0.559677
7001,690,1580,94,0.538676
7101,665,1559,81,0.57499
7201,701,1568,108,0.547805
7301,722,1581,92,0.54098
7401,705,1586,95,0.571794
7501,694,1579,108,0.568341
7601,725,1562,95,0.55226
7701,703,1595,88,0.5445
7801,675,1568,95,0.551963
7901,730,1629,101,0.566506
8001,690,1540,96,0.581303
8101,682,1583,98,0.537222
8201,740,1585,97,0.538193
8301,693,1583,108,0.567343
8401,707,1551,102,0.582578
8501,692,1577,105,0.5405
8601,720,1566,98,0.572849
8701,679,1562,93,0.536953
8801,687,1537,96,0.561642
8901,677,1599,101,0.561993
9001,695,1629,99,0.519587
9101,698,1621,95,0.546972
9201,727,1523,92,0.56719
9301,684,1605,81,0.562115
9401,733,1626,94,0.549365
9501,745,1662,98,0.553268
9601,689,1600,91,0.557473
9701,706,1553,111,0.573451
9801,729,1607,94,0.541525
9901,705,1598,102,0.549996
10001,734,1635,113,0.548348
10101,693,1618,111,0.543967
10201,707,1678,109,0.562521
10301,671,1512,98,0.604791
10401,706,1554,98,0.563105
10501,706,1649,115,0.572169
10601,705,1608,109,0.549554
10701,715,1668,108,0.553817
10801,745,1631,109,0.582784
10901,696,1659,97,0.541556
11001,727,1658,103,0.559381
11101,681,1586,111,0.548315
11201,700,1612,99,0.573544
11301,697,1667,112,0.583
11401,712,1612,110,0.568079
11501,738,1693,107,0.542362
11601,657,1626,113,0.556099
11701,707,1610,113,0.535633
11801,696,1636,109,0.564834
11901,728,1568,117,0.56722
12001,689,1593,105,0.554944
12101,746,1688,103,0.555722
12201,716,1678,113,0.562768
12301,687,1675,103,0.53909
12401,731,1639,105,0.557409
12501,714,1546,109,0.59234
12601,738,1700,104,0.541777
12701,706,1611,109,0.527331
12801,698,1699,114,0.559471
12901,707,1687,108,0.542963
13001,720,1654,112,0.566229
13101,728,1627,102,0.553418
13201,704,1689,103,0.548932
13301,678,1692,102,0.549455
13401,734,1602,111,0.580825
13501,724,1633,111,0.574424
13601,725,1645,111,0.565128
13701,689,1564,117,0.568949
13801,744,1704,123,0.553842
13901,736,1586,116,0.559745
14001,692,1608,119,0.564329
14101,745,1637,109,0.553027
14201,732,1718,125,0.550832
14301,677,1659,134,0.549126
14401,739,1618,120,0.57729
14501,753,1723,117,0.556868
14601,701,1611,115,0.548045
14701,709,1711,116,0.55007
14801,689,1607,125,0.544145
14901,735,1657,118,0.562962
15001,713,1627,122,0.542872
15101,708,1615,121,0.544561
15201,701,1630,119,0.559415
15301,681,1615,130,0.558402
15401,726,1650,117,0.567223
15501,704,1656,125,0.551708
15601,729,1673,123,0.527627
15701,675,1699,119,0.535676
15801,718,1725,129,0.552516
15901,704,1668,140,0.538881
16001,735,1678,131,0.578652
16101,722,1621,123,0.553015
16201,737,1567,130,0.571907
16301,685,1612,133,0.549262
16401,741,1663,126,0.574568
16501,715,1695,121,0.548317
16601,717,1681,124,0.559444
16701,706,1690,133,0.545789
16801,691,1626,126,0.558196
16901,719,1660,139,0.558982
17001,718,1624,130,0.564417
17101,753,1713,123,0.537341
17201,717,1674,123,0.542117
17301,748,1748,136,0.53427
17401,678,1696,123,0.539107
17501,734,1706,129,0.583437
17601,721,1695,128,0.556684
17701,679,1730,125,0.56501
17801,715,1657,124,0.549662
17901,752,1665,131,0.561825
18001,720,1727,138,0.544553
18101,715,1606,143,0.555629
18201,739,1665,120,0.565952
18301,698,1658,126,0.566144
18401,704,1739,125,0.555079
18501,707,1692,130,0.560247
18601,703,1676,128,0.527961
18701,748,1771,145,0.561606
18801,733,1664,142,0.553046
18901,684,1679,135,0.5373
19001,703,1743,144,0.564755
19101,715,1651,140,0.564181
19201,725,1681,136,0.558703
19301,718,1712,151,0.551472
19401,717,1754,153,0.540543
19501,768,1705,145,0.566471
19601,763,1797,139,0.548159
19701,771,1758,153,0.546818
19801,723,1718,153,0.572217
19901,747,1673,143,0.558742
20001,739,1737,149,0.556801
20101,703,1641,146,0.548109
20201,711,1717,157,0.538351
20301,729,1773,142,0.550335
20401,724,1700,149,0.541307
20501,778,1739,137,0.574398
20601,697,1703,146,0.536878
20701,743,1712,158,0.54818
20801,725,1740,135,0.547408
20901,708,1658,148,0.536704
21001,744,1705,139,0.578932
21101,706,1723,150,0.557074
21201,737,1818,137,0.542619
21301,724,1747,145,0.556991
21401,746,1645,138,0.57093
21501,680,1662,134,0.582783
21601,736,1700,149,0.562671
21701,753,1796,150,0.561948
21801,727,1721,146,0.556251
21901,715,1710,145,0.567858
22001,735,1769,163,0.536757
22101,754,1799,152,0.553715
22201,712,1743,154,0.553406
22301,750,1746,155,0.563082
22401,727,1717,163,0.585312
22501,767,1821,160,0.561273
22601,677,1766,162,0.536474
22701,722,1744,159,0.541127
22801,733,1767,161,0.548532
22901,689,1733,151,0.569079
23001,703,1749,153,0.57347
23101,728,1826,147,0.551554
23201,698,1700,146,0.573751
23301,734,1741,150,0.571321
23401,723,1685,143,0.574227
23501,709,1701,149,0.567307
23601,690,1711,153,0.572282
23701,709,1815,161,0.527458
23801,742,1742,145,0.538521
23901,739,1781,164,0.575919
24001,708,1844,162,0.517469
24101,707,1768,157,0.54215
24201,745,1761,168,0.565128
24301,748,1774,167,0.533622
24401,715,1847,170,0.538202
24501,750,1807,184,0.544126
24601,719,1780,164,0.554475
24701,760,1818,169,0.552729
24801,719,1815,166,0.539766
24901,763,1761,171,0.556266
25001,750,1782,174,0.554195
25101,762,1856,184,0.545453
25201,702,1764,174,0.583526
25301,743,1805,175,0.549389
25401,727,1838,180,0.539174
25501,787,1800,169,0.559442
25601,739,1818,180,0.548368
25701,733,1774,170,0.551464
25801,742,1844,182,0.556251
25901,722,1892,183,0.538393
26001,794,1849,193,0.568285
26101,787,1854,171,0.553306
26201,726,1762,183,0.562568
26301,752,1804,182,0.544406
26401,734,1807,181,0.552137
26501,753,1838,188,0.554004
26601,780,1829,192,0.546185
26701,822,1892,189,0.561423
26801,759,1836,189,0.557965
26901,753,1854,181,0.561801
27001,776,1882,181,0.569154
27101,736,1871,180,0.557319
27201,773,1937,186,0.548487
27301,769,1836,196,0.554342
27401,766,1875,195,0.553646
27501,777,1917,182,0.578155
27601,793,1840,175,0.56192
27701,753,1867,179,0.560107
27801,736,1921,182,0.530447
27901,818,1888,187,0.540464
28001,775,1866,191,0.55135
28101,760,1852,181,0.551867
28201,781,1857,182,0.553757
28301,789,1836,186,0.546874
28401,804,1942,188,0.554158
28501,740,1842,192,0.546292
28601,805,1850,185,0.561908
28701,746,1811,193,0.584424
28801,778,1883,203,0.563277
28901,785,1891,191,0.545427
29001,796,1843,186,0.58616
29101,756,1810,192,0.567842
29201,807,1891,186,0.574069
29301,755,1835,192,0.551092
29401,757,1824,197,0.563387
29501,769,1923,196,0.562584
29601,829,1921,206,0.531982
29701,773,1872,197,0.569306
29801,809,1879,198,0.55707
29901,768,1850,188,0.553325
30001,741,1876,187,0.539948
30101,706,1842,183,0.555241
30201,762,1924,195,0.565624
30301,774,1869,190,0.555868
30401,796,1834,197,0.58013
30501,757,1889,200,0.539274
30601,802,1959,203,0.523851
30701,777,1933,196,0.565588
30801,773,1857,198,0.542653
30901,788,1914,188,0.524329
31001,793,1849,189,0.553142
31101,792,1901,199,0.572008
31201,768,1892,198,0.588259
31301,790,1876,199,0.531563
31401,807,1877,189,0.561272
31501,813,1941,194,0.556603
31601,771,1823,183,0.562376
31701,772,1857,202,0.544259
31801,728,1835,203,0.55298
31901,785,1927,203,0.507023
32001,785,1985,210,0.544254
32101,784,1999,206,0.529356
32201,821,1866,206,0.567329
32301,806,1838,196,0.541147
32401,799,1903,207,0.564442
32501,792,1936,210,0.535264
32601,772,1871,216,0.572605
32701,777,1961,209,0.55486
32801,809,1971,214,0.567215
32901,790,1907,216,0.587256
33001,770,1966,219,0.55839
33101,779,1930,215,0.563248
33201,828,1981,208,0.564368
33301,799,1910,198,0.566421
33401,805,1995,202,0.553497
33501,824,1959,213,0.54246
33601,794,1843,211,0.566816
33701,824,1941,203,0.5479
33801,801,1903,206,0.559646
33901,803,1928,220,0.559565
34001,780,1868,211,0.555804
34101,815,1902,217,0.573518
34201,818,1978,218,0.586272
34301,821,1945,217,0.535718
34401,782,2026,201,0.542244
34501,772,1969,227,0.550017
34601,794,1997,221,0.536572
34701,801,2016,206,0.553995
34801,754,1952,214,0.561182
34901,778,1915,208,0.558881
35001,822,1998,219,0.549864
35101,776,1955,225,0.557638
35201,808,2007,212,0.579394
35301,785,1992,212,0.544419
35401,801,1984,221,0.56098
35501,801,2011,209,0.530286
35601,802,1911,215,0.545427
35701,804,1953,230,0.529746
35801,797,1903,222,0.559669
35901,802,1959,227,0.56633
36001,802,1988,225,0.560348
36101,828,1950,229,0.56833
36201,793,1916,224,0.55188
36301,783,1960,232,0.553201
36401,797,1984,221,0.536015
36501,786,1937,226,0.552391
36601,819,1983,229,0.551881
36701,784,1970,235,0.555232
36801,788,2021,241,0.521059
36901,820,2029,243,0.542887
37001,821,2006,244,0.557069
37101,829,2070,236,0.541915
37201,779,1996,227,0.580008
37301,799,1915,243,0.562421
37401,808,1958,239,0.554653
37501,819,2027,233,0.565124
37601,848,2007,255,0.540957
37701,775,1856,239,0.549857
37801,809,1997,243,0.545797
37901,823,2003,241,0.553744
38001,795,1964,249,0.58403
38101,799,2032,251,0.584563
38201,839,2051,253,0.55018
38301,844,2003,248,0.523468
38401,844,2092,257,0.557937
38501,821,1959,256,0.579395
38601,789,1945,244,0.553136
38701,863,2005,261,0.553182
38801,821,2048,243,0.546361
38901,829,2102,255,0.54607
39001,792,2083,254,0.546344
39101,812,2021,254,0.565403
39201,869,2051,254,0.533524
39301,842,2018,254,0.58827
39401,774,1928,256,0.561635
39501,846,1950,256,0.561018
39601,820,2038,252,0.534419
39701,853,2059,253,0.544825
39801,809,2018,243,0.543992
39901,814,2009,251,0.562793
40001,825,2038,254,0.543141
40101,834,2027,258,0.559605
40201,811,1960,251,0.5679
40301,828,2073,254,0.547822
40401,832,2044,256,0.559164
40501,845,2037,260,0.564915
40601,836,2079,267,0.537399
40701,838,2108,246,0.543014
40801,865,2044,259,0.56672
40901,851,2148,262,0.560987
41001,805,2043,250,0.570109
41101,845,2123,254,0.536166
41201,814,2039,253,0.570835
41301,783,2036,244,0.560965
41401,832,2123,260,0.535748
41501,842,2131,269,0.578379
41601,792,1924,269,0.59369
41701,830,2050,269,0.571891
41801,890,2084,259,0.563418
41901,817,2060,278,0.542045
42001,799,1987,272,0.556689
42101,857,2026,265,0.5729
42201,837,2130,265,0.577623
42301,836,1986,267,0.573564
42401,865,2135,257,0.540634
42501,841,2107,262,0.558726
42601,886,2080,267,0.56603
42701,856,2079,262,0.560789
42801,845,2072,265,0.559077
42901,873,2111,275,0.553809
43001,822,2097,272,0.538428
43101,859,2081,266,0.566377
43201,824,2115,256,0.558882
43301,787,2053,258,0.550227
43401,823,2122,262,0.575496
43501,863,2135,258,0.553844
43601,831,2161,264,0.533029
43701,869,2021,260,0.541574
43801,841,2050,259,0.56384
43901,812,2133,255,0.558198
44001,828,2107,255,0.555294
44101,855,2097,255,0.548601
44201,822,2078,255,0.560165
44301,845,2147,262,0.546258
44401,862,2167,275,0.564276
44501,855,2056,270,0.549058
44601,830,2078,261,0.554703
44701,862,2117,278,0.554313
44801,853,2037,263,0.581611
44901,834,2089,267,0.546754
45001,855,2086,267,0.541084
45101,832,2122,272,0.561286
45201,889,2169,280,0.542651
45301,798,2075,270,0.542435
45401,816,2084,277,0.536685
45501,832,2130,274,0.56774
45601,834,2148,269,0.553665
45701,825,2022,269,0.58901
45801,850,2137,283,0.564034
45901,854,2208,276,0.528138
46001,870,2117,284,0.572563
46101,827,2167,269,0.544882
46201,851,2127,278,0.5801
46301,844,2146,278,0.560006
46401,828,2093,265,0.562021
46501,889,2214,276,0.548668
46601,827,2099,273,0.538804
46701,848,2128,272,0.553016
46801,911,2187,265,0.55417
46901,817,2133,274,0.575158
47001,884,2190,273,0.527339
47101,918,2172,280,0.557394
47201,855,2211,272,0.559862
47301,843,2217,271,0.54744
47401,875,2203,271,0.554183
47501,859,2140,280,0.554488
47601,873,2108,290,0.569947
47701,883,2102,294,0.559201
47801,871,2187,289,0.575035
47901,846,2181,293,0.572455
48001,883,2163,288,0.531536
48101,840,2096,287,0.541004
48201,862,2147,284,0.557563
48301,891,2140,293,0.579205
48401,826,2171,287,0.555111
48501,853,2196,292,0.540074
48601,815,2134,283,0.564194
48701,870,2183,281,0.551883
48801,872,2126,280,0.559094
48901,893,2213,286,0.563152
49001,884,2130,276,0.569974
49101,881,2298,290,0.554058
49201,844,2193,287,0.539827
49301,890,2251,282,0.529662
49401,849,2186,287,0.516142
49501,910,2235,300,0.561078
49601,903,2197,306,0.5738
49701,846,2226,290,0.538997
49801,863,2226,297,0.549287
49901,909,2240,301,0.560828
