cycle,Population_size,Deleterious_muts,Beneficial_muts,Mean_fitness
1,1000,0,0,1.0
101,734,1363,27,0.546184
201,671,1345,31,0.563948
301,676,1448,46,0.533454
401,655,1420,35,0.548392
501,703,1428,41,0.548416
601,643,1447,35,0.547378
701,647,1408,39,0.5424
801,648,1427,44,0.560219
901,717,1408,45,0.552011
1001,655,1398,43,0.581085
1101,711,1470,53,0.59075
1201,653,1480,49,0.541472
1301,654,1424,42,0.553977
1401,685,1548,43,0.545798
1501,707,1464,41,0.564819
1601,677,1487,51,0.584331
1701,648,1482,54,0.544781
1801,695,1507,54,0.578492
1901,700,1504,55,0.540642
2001,699,1411,53,0.590425
2101,687,1448,46,0.574485
2201,643,1504,56,0.557241
2301,659,1489,58,0.570394
2401,672,1459,59,0.548997
2501,653,1408,56,0.57404
2601,668,1526,64,0.562909
2701,658,1582,60,0.564811
2801,658,1527,60,0.562576
2901,700,1484,64,0.578915
3001,680,1490,64,0.54708
3101,685,1508,64,0.551311
3201,653,1537,61,0.55471
3301,670,1588,66,0.523701
3401,684,1473,68,0.560246
3501,688,1472,72,0.557872
3601,670,1525,65,0.582632
3701,703,1521,71,0.561454
3801,676,1532,57,0.54078
3901,689,1621,61,0.543366
4001,640,1448,60,0.573034
4101,717,1552,73,0.566818
4201,662,1493,58,0.582769
4301,672,1502,53,0.535436
4401,673,1497,62,0.563259
4501,660,1517,51,0.571274
4601,683,1488,55,0.571105
4701,645,1448,55,0.563012
4801,673,1455,61,0.590777
4901,672,1535,63,0.566043
5001,732,1518,59,0.565725
5101,694,1478,57,0.550075
5201,667,1491,65,0.530607
5301,689,1535,75,0.53196
5401,660,1536,81,0.556865
5501,664,1541,61,0.555229
5601,661,1516,61,0.558404
5701,697,1470,68,0.573971
5801,657,1525,63,0.541607
5901,685,1531,62,0.605792
6001,715,1623,72,0.551405
6101,688,1530,70,0.54301
6201,646,1460,65,0.573611
6301,685,1512,76,0.577717
6401,712,1534,79,0.550923
6501,660,1470,78,0.560623
6601,716,1602,76,0.523869
6701,683,1518,63,0.526919
6801,711,1593,76,0.542682
6901,680,1579,61,0.56978
7001,697,1556,79,0.557002
7101,701,1519,73,0.560818
7201,704,1571,69,0.542164
7301,686,1566,78,0.552186
7401,670,1580,71,0.537115
7501,691,1601,72,0.564344
7601,677,1549,78,0.5518
7701,694,1537,63,0.540662
7801,703,1539,75,0.567907
7901,692,1475,70,0.574736
8001,709,1572,76,0.549905
8101,690,1507,81,0.571117
8201,690,1560,78,0.545492
8301,706,1577,77,0.573299
8401,713,1652,80,0.541731
8501,697,1579,80,0.559321
8601,705,1601,89,0.550195
8701,676,1555,86,0.560374
8801,712,1510,94,0.566495
8901,673,1536,86,0.537315
9001,683,1548,78,0.544123
9101,638,1574,76,0.573815
9201,719,1581,76,0.562245
9301,673,1561,80,0.559006
9401,696,1554,78,0.549421
9501,699,1561,77,0.539537
9601,714,1556,79,0.567615
9701,708,1512,85,0.556787
9801,711,1525,97,0.576926
9901,717,1639,88,0.555858
10001,672,1546,110,0.559997
10101,669,1547,87,0.559326
10201,721,1675,88,0.540451
10301,698,1580,91,0.532764
10401,713,1609,100,0.558426
10501,721,1599,95,0.545087
10601,697,1592,93,0.559213
10701,731,1616,100,0.55771
10801,677,1551,92,0.560028
10901,718,1663,98,0.565039
11001,706,1624,95,0.568644
11101,701,1690,92,0.545103
11201,725,1646,91,0.54854
11301,657,1553,92,0.54222
11401,702,1555,90,0.533881
11501,711,1615,101,0.559537
11601,715,1589,83,0.555781
11701,732,1540,88,0.565515
11801,719,1601,95,0.560547
11901,697,1544,90,0.561732
12001,687,1584,108,0.535071
12101,718,1622,95,0.532657
12201,737,1639,102,0.546651
12301,748,1683,103,0.551389
12401,738,1670,101,0.564465
12501,720,1663,109,0.569181
12601,709,1648,111,0.561424
12701,698,1699,107,0.574697
12801,723,1623,113,0.574717
12901,697,1641,103,0.55428
13001,764,1590,105,0.556206
13101,712,1687,116,0.563438
13201,689,1738,115,0.533878
13301,687,1635,107,0.541524
13401,718,1696,109,0.574611
13501,716,1680,120,0.543583
13601,736,1725,118,0.549798
13701,737,1759,113,0.547601
13801,702,1645,107,0.574032
13901,704,1620,110,0.552971
14001,736,1747,112,0.561653
14101,705,1714,114,0.571257
14201,722,1690,126,0.572443
14301,738,1720,122,0.558718
14401,757,1665,119,0.560088
14501,754,1733,120,0.536055
14601,750,1721,115,0.557721
14701,690,1604,106,0.579975
14801,750,1698,105,0.544588
14901,747,1704,113,0.564593
15001,721,1674,113,0.538788
15101,690,1717,116,0.563676
15201,745,1754,125,0.555424
15301,737,1695,123,0.557417
15401,719,1740,118,0.524645
15501,767,1821,127,0.556051
15601,734,1646,118,0.569295
15701,751,1749,119,0.547427
15801,726,1688,119,0.552577
15901,712,1733,113,0.515434
16001,759,1692,116,0.542842
16101,769,1657,126,0.580778
16201,733,1693,119,0.549558
16301,785,1663,125,0.596263
16401,791,1753,127,0.548949
16501,736,1797,126,0.547488
16601,755,1748,145,0.573008
16701,773,1732,143,0.548443
16801,742,1658,124,0.558452
16901,725,1692,134,0.545892
17001,753,1730,137,0.542189
17101,728,1790,133,0.543023
17201,734,1670,141,0.563664
17301,753,1808,137,0.562508
17401,738,1747,137,0.544754
17501,725,1742,132,0.561691
17601,798,1766,143,0.539059
17701,769,1750,130,0.546621
17801,732,1770,138,0.539255
17901,751,1767,130,0.566547
18001,771,1742,130,0.551159
18101,771,1772,144,0.550171
18201,732,1742,139,0.561918
18301,745,1719,134,0.54872
18401,746,1718,140,0.577872
18501,752,1732,135,0.529231
18601,733,1714,147,0.56498
18701,757,1751,144,0.561064
18801,744,1683,145,0.553801
18901,777,1792,146,0.567602
19001,746,1774,139,0.582384
19101,768,1775,141,0.543938
19201,738,1738,129,0.56192
19301,745,1753,142,0.561654
19401,729,1772,144,0.540533
19501,763,1781,151,0.553776
19601,717,1682,142,0.585425
19701,789,1748,144,0.547935
19801,738,1817,140,0.5592
19901,731,1724,144,0.572924
20001,746,1669,154,0.578635
20101,727,1667,148,0.544395
20201,769,1837,153,0.543188
20301,778,1878,157,0.569721
20401,754,1798,150,0.574053
20501,804,1709,154,0.581846
20601,722,1769,154,0.515474
20701,796,1788,151,0.553787
20801,777,1725,166,0.550521
20901,779,1802,164,0.542564
21001,764,1718,148,0.580873
21101,787,1835,154,0.52613
21201,788,1830,166,0.563302
21301,816,1884,159,0.513688
21401,779,1772,147,0.576644
21501,742,1814,155,0.574968
21601,776,1841,153,0.538849
21701,746,1794,154,0.54031
21801,772,1830,165,0.578261
21901,778,1846,158,0.533315
22001,766,1855,165,0.563711
22101,813,1794,160,0.57091
22201,825,1897,159,0.544323
22301,746,1775,159,0.565956
22401,790,1842,155,0.550333
22501,781,1864,165,0.547585
22601,759,1891,162,0.571601
22701,765,1853,155,0.543955
22801,783,1830,152,0.552419
22901,734,1845,144,0.564515
23001,826,1853,161,0.548617
23101,776,1874,154,0.551566
23201,797,1874,157,0.534622
23301,784,1842,161,0.56286
23401,773,1806,165,0.54547
23501,788,2002,160,0.524144
23601,760,1939,156,0.553452
23701,791,1881,163,0.539323
23801,794,1909,160,0.552753
23901,772,1950,162,0.565439
24001,817,1886,179,0.563952
24101,798,1838,184,0.566321
24201,787,1843,177,0.539528
24301,801,1913,182,0.557246
24401,786,1865,177,0.532867
24501,816,1901,181,0.554224
24601,775,1901,180,0.574889
24701,808,1875,181,0.583218
24801,820,1933,184,0.54419
24901,863,1862,171,0.557169
25001,872,1989,172,0.545655
25101,815,1983,173,0.537131
25201,807,1929,172,0.560313
25301,803,1897,181,0.555571
25401,811,1918,177,0.544787
25501,843,1960,182,0.551775
25601,819,1954,181,0.561092
25701,837,1959,189,0.555753
25801,783,1839,191,0.589238
25901,784,1912,191,0.558823
26001,818,1972,197,0.53482
26101,798,1963,192,0.565409
26201,840,1954,190,0.568498
26301,809,2001,190,0.556048
26401,834,1963,207,0.555872
26501,840,1991,193,0.552421
26601,865,1936,213,0.565499
26701,846,2061,199,0.560518
26801,796,1946,187,0.582759
26901,860,2163,200,0.530975
27001,858,1979,199,0.568525
27101,835,1999,205,0.576633
27201,836,1968,198,0.537438
27301,832,2001,196,0.569196
27401,859,1934,193,0.577177
27501,779,1948,207,0.537716
27601,830,1973,205,0.555623
27701,831,1986,201,0.538601
27801,840,1972,193,0.541459
27901,850,1992,199,0.540545
28001,857,2013,194,0.566501
28101,861,2026,200,0.566862
28201,841,1956,189,0.549008
28301,860,1924,200,0.56932
28401,867,2020,209,0.548502
28501,841,1959,201,0.567763
28601,825,1953,209,0.571825
28701,873,2010,216,0.531227
28801,843,1898,198,0.563493
28901,813,2014,199,0.573498
29001,827,1954,211,0.549554
29101,857,2020,215,0.560803
29201,850,1940,204,0.576397
29301,862,2014,207,0.554122
29401,842,2035,211,0.551493
29501,850,2014,217,0.553397
29601,896,2033,215,0.532823
29701,878,2100,211,0.551624
29801,881,2069,215,0.55569
29901,874,2091,217,0.568943
30001,882,2036,220,0.531752
30101,893,2063,217,0.562362
30201,864,2049,230,0.554104
30301,829,2017,210,0.546326
30401,854,2102,216,0.551729
30501,889,2093,205,0.568395
30601,843,2112,203,0.553103
30701,856,2051,215,0.535349
30801,838,2005,206,0.573154
30901,848,2181,214,0.531765
31001,856,2101,214,0.551235
31101,838,2026,224,0.554239
31201,851,2071,218,0.546542
31301,893,2102,211,0.551107
31401,868,2141,223,0.540176
31501,868,2024,211,0.580976
31601,868,2054,217,0.536903
31701,868,2091,215,0.561995
31801,834,2108,216,0.553538
31901,890,2107,218,0.543667
32001,878,2139,228,0.548104
32101,870,2046,226,0.551254
32201,862,2073,220,0.558545
32301,874,2111,220,0.548517
32401,880,2133,234,0.549092
32501,892,2163,227,0.533962
32601,870,2094,229,0.547221
32701,873,2141,239,0.534047
32801,861,2118,230,0.560583
32901,859,2117,234,0.54515
33001,862,2063,242,0.547559
33101,901,2161,232,0.553588
33201,860,2127,237,0.570044
33301,887,2167,231,0.549895
33401,914,2120,227,0.550034
33501,862,2134,227,0.580499
33601,901,2042,236,0.570398
33701,913,2123,241,0.564243
33801,838,2015,237,0.571757
33901,907,2116,237,0.567928
34001,883,2143,248,0.560848
34101,875,2122,239,0.567552
34201,895,2123,232,0.563541
34301,837,2144,235,0.552855
34401,887,2185,257,0.551513
34501,922,2186,250,0.576764
34601,848,2102,244,0.591373
34701,914,2207,239,0.546255
34801,899,2217,244,0.544287
34901,854,2164,236,0.547129
35001,893,2153,247,0.578486
35101,883,2149,251,0.540415
35201,897,2145,255,0.580156
35301,851,2079,257,0.54325
35401,916,2250,256,0.560384
35501,876,2186,257,0.559291
35601,909,2244,247,0.545812
35701,893,2215,246,0.581741
35801,891,2246,246,0.56939
35901,920,2243,245,0.54217
36001,885,2172,248,0.547913
36101,896,2215,254,0.533169
36201,886,2200,255,0.550855
36301,857,2115,256,0.597718
36401,906,2186,251,0.5644
36501,958,2114,255,0.55234
36601,895,2171,266,0.545789
36701,927,2152,248,0.577602
36801,935,2223,258,0.52644
36901,859,2134,259,0.570463
37001,895,2228,245,0.561494
37101,921,2204,245,0.547833
37201,885,2169,264,0.554918
37301,926,2219,259,0.543806
37401,936,2195,271,0.544942
37501,936,2197,264,0.555391
37601,914,2214,257,0.551192
37701,943,2253,265,0.536007
37801,882,2206,259,0.590113
37901,859,2148,267,0.568499
38001,851,2113,260,0.568872
38101,933,2117,258,0.587085
38201,895,2212,268,0.528842
38301,904,2158,256,0.573027
38401,874,2115,256,0.565816
38501,924,2242,253,0.540296
38601,951,2164,256,0.546281
38701,939,2253,270,0.549
38801,902,2255,252,0.529946
38901,931,2187,263,0.543766
39001,940,2225,260,0.590342
39101,926,2174,256,0.558507
39201,907,2183,264,0.539017
39301,932,2269,270,0.572014
39401,980,2287,263,0.565488
39501,948,2211,276,0.557024
39601,930,2259,282,0.549722
39701,946,2247,275,0.564712
39801,902,2203,261,0.535897
39901,954,2273,270,0.55311
40001,934,2276,269,0.549611
40101,949,2270,271,0.550194
40201,972,2348,287,0.550164
40301,934,2299,285,0.547063
40401,913,2297,279,0.532097
40501,907,2274,257,0.560903
40601,886,2350,266,0.544029
40701,918,2358,273,0.535283
40801,925,2259,269,0.546431
40901,907,2270,261,0.544033
41001,954,2341,269,0.551354
41101,926,2255,275,0.562893
41201,963,2400,276,0.557292
41301,974,2350,263,0.537911
41401,983,2359,270,0.574028
41501,991,2340,280,0.56648
41601,949,2277,271,0.546315
41701,925,2326,275,0.567745
41801,915,2311,278,0.549936
41901,948,2323,269,0.551043
42001,925,2253,275,0.564028
42101,965,2359,275,0.573407
42201,924,2302,279,0.551179
42301,960,2289,267,0.559686
42401,976,2343,270,0.558764
42501,936,2305,279,0.544652
42601,920,2323,273,0.542131
42701,917,2255,274,0.579994
42801,940,2269,274,0.543878
42901,955,2265,291,0.566272
43001,959,2323,280,0.559632
43101,982,2200,272,0.572348
43201,927,2312,283,0.559064
43301,972,2311,284,0.543426
43401,946,2324,281,0.567744
43501,997,2369,283,0.525013
43601,954,2330,298,0.579335
43701,979,2389,291,0.537931
43801,927,2235,290,0.591104
43901,971,2305,291,0.550366
44001,965,2277,288,0.550837
44101,947,2281,302,0.576812
44201,946,2399,303,0.568078
44301,942,2304,286,0.565303
44401,960,2352,289,0.539096
44501,1003,2369,296,0.556711
44601,961,2416,288,0.564224
44701,969,2383,296,0.563515
44801,923,2405,300,0.540129
44901,967,2346,309,0.574628
45001,956,2378,298,0.547524
45101,968,2344,313,0.563962
45201,964,2379,313,0.554414
45301,971,2411,313,0.566089
45401,965,2397,312,0.536973
45501,962,2302,314,0.564343
45601,983,2419,322,0.547493
45701,981,2361,318,0.551097
45801,973,2434,329,0.578169
45901,1002,2440,318,0.545746
46001,989,2465,314,0.537792
46101,978,2385,315,0.547475
46201,1021,2510,316,0.540532
46301,982,2344,312,0.577035
46401,1010,2450,314,0.548362
46501,984,2387,313,0.561414
46601,974,2409,316,0.556714
46701,1029,2451,324,0.55873
46801,1014,2481,321,0.537324
46901,949,2387,310,0.536489
47001,991,2501,311,0.545342
47101,959,2449,316,0.557153
47201,993,2454,326,0.547
47301,967,2447,321,0.557066
47401,990,2428,317,0.570149
47501,959,2453,307,0.558941
47601,993,2389,314,0.533123
47701,1022,2551,311,0.559003
47801,980,2521,333,0.544134
47901,1012,2458,320,0.571008
48001,1026,2452,328,0.538666
48101,992,2510,324,0.585057
48201,1002,2520,332,0.546391
48301,1035,2484,307,0.568868
48401,1015,2496,318,0.539534
48501,1011,2449,323,0.555395
48601,1019,2463,308,0.57632
48701,982,2472,312,0.546924
48801,966,2580,311,0.554422
48901,1001,2492,319,0.559334
49001,1034,2544,331,0.541786
49101,998,2478,318,0.583198
49201,1054,2482,328,0.556836
49301,993,2449,338,0.546951
49401,937,2425,319,0.574153
49501,991,2432,324,0.574507
49601,1025,2496,339,0.557738
49701,1056,2519,332,0.539945
49801,1031,2440,335,0.540263
49901,1057,2488,335,0.54479
